baseMean	log2FoldChange	lfcSE	stat	pvalue	padj
ENSG00000215193	2123.71382365278	-4.01413597948783	0.0587402640742747	-68.3370434700825	0	0
ENSG00000093010	778.507432028025	-2.96711237613922	0.0702738020870792	-42.2221694005192	0	0
ENSG00000234409	1031.4231619989	-3.02059727664962	0.062734305874762	-48.1490507391556	0	0
ENSG00000185252	813.975921759142	-2.84324978101234	0.0668381731295894	-42.539310215731	0	0
ENSG00000099937	431.645563512709	-2.90723729531517	0.0908036972629035	-32.016728205437	6.38007838617607e-225	3.35609602779672e-224
ENSG00000100038	8.16762704335858	-3.14415959270556	0.69984473118281	-4.49265308805226	7.03413190509002e-06	1.01165043129385e-05
ENSG00000100121	1075.11564410449	-4.37967062572532	0.0886981665354359	-49.3772396521364	0	0
ENSG00000133519	1.83398071359649	-4.32403108863695	1.5681746075363	-2.75736583659536	0.00582691194209432	0.00728838496991603
ENSG00000189269	219.549248759886	-2.59415958635916	0.116020003826447	-22.3595888708961	9.74058502597055e-111	3.3697159008763e-110
ENSG00000187792	548.390396447362	-3.62373853172321	0.0980058243519176	-36.9747263051546	2.91827897171056e-299	1.83708053301124e-298
ENSG00000099994	1353.55276953417	-3.19123989609197	0.0580083060017815	-55.0134992046478	0	0
ENSG00000138867	1154.3939968233	-3.57969982901355	0.0685900084540916	-52.1898146638879	0	0
ENSG00000100028	474.373615998264	-3.36462141993965	0.0977774009709639	-34.4110334957544	1.72446114468985e-259	9.73813352295446e-259
ENSG00000206069	2160.16459649045	-3.83778625677748	0.0557486898396141	-68.8408331714803	0	0
ENSG00000100219	426.235383631266	-3.56613412901422	0.10873181176371	-32.7975232930355	6.38686167002943e-236	3.45430264970606e-235
ENSG00000183762	338.750859027095	-2.18524950857511	0.0862741204441964	-25.3291427061093	1.52571532865274e-141	6.10286131461096e-141
ENSG00000182944	112.424682695884	-2.38310933837777	0.152744904966752	-15.6018908709034	7.06696062554238e-55	1.83358978392451e-54
ENSG00000128250	204.623209348649	-3.79273665227549	0.165665226131367	-22.8939816812732	5.33403434306764e-116	1.914270268914e-115
ENSG00000099992	220.395862975653	-2.909828479063	0.12522220146833	-23.2373208979154	1.91112173313175e-119	6.98924519545326e-119
ENSG00000242114	126.920779562598	-2.20919758489768	0.138525128191022	-15.9479916297299	2.9420707820659e-57	7.79141503664348e-57
ENSG00000183963	318.914002929398	-3.24836767939405	0.114584685026384	-28.3490562342262	8.59724012071091e-177	3.88392965453293e-176
ENSG00000138942	1349.3726371982	-3.1352972460771	0.0573475246859307	-54.671884501517	0	0
ENSG00000128245	826.591310950688	-4.36221753727772	0.099822694509776	-43.6996572643159	0	0
ENSG00000100191	428.659910094563	-2.04834234435754	0.075331218851738	-27.1911483124805	8.26530024914551e-163	3.64813252376078e-162
ENSG00000185666	363.062203519757	-2.06526145384533	0.081572465242401	-25.3181198791552	2.01785548196938e-141	7.98821139253858e-141
ENSG00000100234	887.362491068643	-2.56960998353082	0.0605498466127213	-42.4379272166638	0	0
ENSG00000100362	511.213270850433	-2.65964064552286	0.0791342804165923	-33.6092099595968	1.23065443964886e-247	6.84885949021973e-247
ENSG00000278195	1026.01611937388	-3.21020647372397	0.0658337360676657	-48.7623316778564	0	0
ENSG00000241360	392.69489323147	-3.16098350893104	0.101311907227493	-31.2005133003088	1.04849854226995e-213	5.29767684515344e-213
ENSG00000100097	250.478741699507	-2.08464976537877	0.0973821824493868	-21.4068910035184	1.15249427598051e-101	3.78254531603859e-101
ENSG00000100106	237.120921117277	-3.43430856666881	0.139133577983734	-24.6835351784766	1.6070265634485e-134	6.10988317192301e-134
ENSG00000189060	630.183011522762	-2.63707202582371	0.071560643561121	-36.8508707383459	2.83213232121739e-297	1.75409485701206e-296
ENSG00000184949	1871.46340369439	-3.75266824957564	0.0579743692956962	-64.7297813700274	0	0
ENSG00000100221	1989.02383179297	-3.92389667026861	0.0589934963829706	-66.5140551222068	0	0
ENSG00000100226	1326.5820694359	-3.19316227109901	0.0585983163782021	-54.4923893459647	0	0
ENSG00000100324	3015.95565255588	-4.44480777268179	0.0565781249885081	-78.5605350757842	0	0
ENSG00000128268	846.250342200267	-2.20504936356285	0.0574654718462335	-38.3717264075223	0	0
ENSG00000100401	685.182402342261	-2.65143413053888	0.0691757912158894	-38.3289310311475	0	0
ENSG00000100413	953.442459958793	-4.15204559465614	0.0878703970744277	-47.2519270755006	0	0
ENSG00000159958	753.212407799072	-3.94932626679261	0.0924594624671274	-42.7141382981405	0	0
ENSG00000100162	1350.85466942472	-3.47446387657864	0.0623079058077254	-55.7628094145935	0	0
ENSG00000198951	517.476911170363	-3.00717408214311	0.0855386525896704	-35.1557335906207	9.50075718016117e-271	5.44521008534611e-270
ENSG00000183172	1814.76405494121	-3.62320064008856	0.0568301072767987	-63.7549498620735	0	0
ENSG00000184983	1086.64056464338	-3.80951777479325	0.0749818033522844	-50.8058969573607	0	0
ENSG00000186732	671.586660330104	-2.3728348993279	0.0656831042926901	-36.125498708988	9.02458946754747e-286	5.33144977775112e-285
ENSG00000188677	1232.53155414103	-3.41183751568102	0.0638662722232797	-53.4215853988326	0	0
ENSG00000075240	499.412973594754	-2.58880522594224	0.078692538431152	-32.8977216589242	2.36908840156206e-237	1.2996142088569e-236
ENSG00000073146	277.024877948523	-2.59567120944991	0.103860178394424	-24.9919771906463	7.47332490669089e-138	2.89874420623162e-137
ENSG00000188130	246.38196211327	-2.51567956826471	0.107842230085162	-23.3274067707807	2.33732766963611e-120	8.63013293404102e-120
ENSG00000100258	2427.78079489916	-4.31925371142964	0.0601006460050899	-71.8670097333704	0	0
ENSG00000217442	545.078250181376	-2.77409404732727	0.078888858307262	-35.1645860626165	6.9578171578617e-271	4.04818452821044e-270
