Geneid	sample_0	sample_1	sample_2	sample_3	sample_4	sample_5
ENSG00000277248	0	0	0	0	0	0
ENSG00000283047	0	0	0	0	0	0
ENSG00000280363	177	181	178	209	204	211
ENSG00000279973	201	199	199	1223	1222	1217
ENSG00000226444	0	0	0	0	0	0
ENSG00000276871	0	0	0	0	0	0
ENSG00000283023	0	0	0	0	0	0
ENSG00000276138	0	0	0	0	0	0
ENSG00000280341	0	0	0	0	0	0
ENSG00000236235	0	0	0	0	0	0
ENSG00000279442	0	0	0	0	0	0
ENSG00000184624	0	0	0	0	0	0
ENSG00000236097	0	0	0	0	0	0
ENSG00000236831	0	0	0	0	0	0
ENSG00000130538	371	375	372	139	145	141
ENSG00000237299	0	0	0	0	0	0
ENSG00000235759	0	0	0	0	0	0
ENSG00000233408	0	0	0	0	0	0
ENSG00000215268	0	0	0	0	0	0
ENSG00000213727	0	0	0	0	0	0
ENSG00000230643	0	0	0	0	0	0
ENSG00000230471	0	0	0	0	0	0
ENSG00000231565	0	0	0	0	0	0
ENSG00000226474	0	0	0	0	0	0
ENSG00000224435	0	0	0	0	0	0
ENSG00000234381	0	0	0	0	0	0
ENSG00000198062	0	0	0	0	0	0
ENSG00000236666	0	0	0	0	0	0
ENSG00000212216	0	0	0	0	0	0
ENSG00000241838	0	0	0	0	0	0
ENSG00000225255	0	0	0	0	0	0
ENSG00000235992	0	0	0	0	0	0
ENSG00000206195	0	0	0	0	0	0
ENSG00000271127	0	0	0	0	0	0
ENSG00000232775	0	0	0	0	0	0
ENSG00000272872	0	0	0	0	0	0
ENSG00000271672	0	0	0	0	0	0
ENSG00000223875	0	0	0	0	0	0
ENSG00000215270	0	0	0	0	0	0
ENSG00000229286	0	0	0	0	0	0
ENSG00000233866	0	0	0	0	0	0
ENSG00000278188	0	0	0	0	0	0
ENSG00000225293	0	0	0	0	0	0
ENSG00000226160	0	0	0	0	0	0
ENSG00000229658	0	0	0	0	0	0
ENSG00000227367	0	0	0	0	0	0
ENSG00000280263	0	0	0	0	0	0
ENSG00000235969	0	0	0	0	0	0
ENSG00000273362	0	0	0	0	0	0
ENSG00000233995	0	0	0	0	0	0
ENSG00000239435	0	0	0	0	0	0
ENSG00000198445	312	292	297	1599	1592	1598
ENSG00000240122	0	0	0	0	0	0
ENSG00000100181	0	0	0	0	0	0
ENSG00000283633	0	0	0	0	0	0
ENSG00000267338	0	0	0	0	0	0
ENSG00000249288	0	0	0	0	0	0
ENSG00000249263	0	0	0	0	0	0
ENSG00000189295	0	0	0	0	0	0
ENSG00000259271	0	0	0	0	0	0
ENSG00000273244	0	0	0	0	0	0
ENSG00000241717	0	0	0	0	0	0
ENSG00000235343	0	0	0	0	0	0
ENSG00000172967	226	223	230	365	352	353
ENSG00000229027	0	0	0	0	0	0
ENSG00000234121	0	0	0	0	0	0
ENSG00000283535	0	0	0	0	0	0
ENSG00000237835	0	0	0	0	0	0
ENSG00000220248	0	0	0	0	0	0
ENSG00000237689	0	0	0	0	0	0
ENSG00000228122	0	0	0	0	0	0
ENSG00000237358	0	0	0	0	0	0
ENSG00000225480	0	0	0	0	0	0
ENSG00000230481	0	0	0	0	0	0
ENSG00000253691	0	0	0	0	0	0
ENSG00000253460	0	0	0	0	0	0
ENSG00000254264	0	0	0	0	0	0
ENSG00000253481	0	0	0	0	0	0
ENSG00000280156	0	0	0	0	0	0
ENSG00000215568	0	0	0	0	0	0
ENSG00000270226	0	0	0	0	0	0
ENSG00000276400	0	0	0	0	0	0
ENSG00000237438	0	0	0	0	0	0
ENSG00000273203	0	0	0	0	0	0
ENSG00000273442	0	0	0	0	0	0
ENSG00000177663	282	270	294	281	278	286
ENSG00000235328	0	0	0	0	0	0
ENSG00000183307	226	217	216	217	203	208
ENSG00000235478	0	0	0	0	0	0
ENSG00000069998	91	85	94	78	74	72
ENSG00000185837	0	0	0	0	0	0
ENSG00000093072	245	228	227	700	709	691
ENSG00000236325	0	0	0	0	0	0
ENSG00000203416	0	0	0	0	0	0
ENSG00000241832	0	0	0	0	0	0
ENSG00000231004	0	0	0	0	0	0
ENSG00000239547	0	0	0	0	0	0
ENSG00000099954	239	242	259	1343	1358	1355
ENSG00000229492	0	0	0	0	0	0
ENSG00000232305	0	0	0	0	0	0
ENSG00000228045	0	0	0	0	0	0
ENSG00000182902	132	137	134	197	189	188
ENSG00000236754	0	0	0	0	0	0
ENSG00000131100	89	100	91	556	537	537
ENSG00000099968	66	72	67	1490	1489	1497
ENSG00000015475	271	292	289	2148	2143	2164
ENSG00000264757	0	0	0	0	0	0
ENSG00000269220	0	0	0	0	0	0
ENSG00000243156	433	495	445	135	138	127
ENSG00000093100	0	0	0	0	0	0
ENSG00000207780	0	0	0	0	0	0
ENSG00000235445	0	0	0	0	0	0
ENSG00000234913	0	0	0	0	0	0
ENSG00000237446	0	0	0	0	0	0
ENSG00000235295	0	0	0	0	0	0
ENSG00000225335	0	0	0	0	0	0
ENSG00000215193	3988	4005	4005	249	259	238
ENSG00000236890	0	0	0	0	0	0
ENSG00000235617	0	0	0	0	0	0
ENSG00000225225	0	0	0	0	0	0
ENSG00000183785	76	88	67	148	138	145
ENSG00000280007	0	0	0	0	0	0
ENSG00000184979	47	49	47	67	69	71
ENSG00000187979	0	0	0	0	0	0
ENSG00000276160	1	0	0	0	0	0
ENSG00000274044	0	0	0	0	0	0
ENSG00000276874	0	0	0	0	0	0
ENSG00000275060	0	0	0	0	0	0
ENSG00000277017	0	0	0	0	0	0
ENSG00000277870	0	0	0	0	0	0
ENSG00000278044	0	0	0	0	0	0
ENSG00000274252	26	25	20	7	6	6
ENSG00000275319	0	0	0	0	0	0
ENSG00000277690	0	0	0	0	0	0
ENSG00000278558	6	9	5	3	3	5
ENSG00000274602	0	0	0	1	1	0
ENSG00000274625	0	0	0	0	0	0
ENSG00000222630	0	0	0	0	0	0
ENSG00000275793	26	24	24	43	33	43
ENSG00000275362	0	0	0	0	0	0
ENSG00000278110	0	0	0	0	0	0
ENSG00000273907	0	0	0	0	0	0
ENSG00000273643	0	0	0	0	0	0
ENSG00000278008	0	0	0	0	0	0
ENSG00000182824	0	0	0	0	0	0
ENSG00000197421	3	1	1	1	1	1
ENSG00000239989	0	0	0	0	0	0
ENSG00000234764	0	0	0	0	0	0
ENSG00000161103	0	0	0	0	0	0
ENSG00000215544	0	0	0	0	0	0
ENSG00000276095	0	0	0	0	0	0
ENSG00000279987	0	0	0	0	0	0
ENSG00000183628	0	0	0	0	1	0
ENSG00000100033	192	181	181	183	172	168
ENSG00000279560	123	116	121	425	443	430
ENSG00000280418	0	0	0	0	0	0
ENSG00000237517	0	0	0	0	0	0
ENSG00000283406	0	0	0	0	0	0
ENSG00000283583	0	0	0	0	0	0
ENSG00000271275	0	0	0	0	0	0
ENSG00000283366	0	0	0	0	0	0
ENSG00000273032	0	0	0	0	0	0
ENSG00000270393	0	0	0	0	0	0
ENSG00000273164	0	0	0	0	0	0
ENSG00000241527	0	0	0	0	0	0
ENSG00000070413	170	166	164	137	141	132
ENSG00000206739	0	0	0	0	0	0
ENSG00000273311	0	0	0	0	0	0
ENSG00000237347	0	0	0	0	0	0
ENSG00000281530	0	0	0	0	0	0
ENSG00000223461	0	0	0	0	0	0
ENSG00000272682	0	0	0	0	0	0
ENSG00000231086	0	0	0	0	0	0
ENSG00000100056	122	137	131	228	231	229
ENSG00000206203	0	0	0	0	0	0
ENSG00000063515	57	56	55	184	189	192
ENSG00000260924	0	0	0	0	0	0
ENSG00000100075	270	261	247	381	384	383
ENSG00000070371	0	0	0	0	0	0
ENSG00000230194	0	0	0	0	0	0
ENSG00000251940	0	0	0	0	0	0
ENSG00000233471	0	0	0	0	0	0
ENSG00000100084	95	97	103	1293	1281	1225
ENSG00000242259	4	1	1	2	0	0
ENSG00000244296	0	0	0	0	0	0
ENSG00000185608	112	114	113	163	169	162
ENSG00000185065	0	0	0	0	0	0
ENSG00000070010	175	178	185	189	196	184
ENSG00000273300	0	0	0	0	0	0
ENSG00000273212	0	0	0	0	0	0
ENSG00000093009	441	421	432	261	259	252
ENSG00000184113	326	335	332	268	283	273
ENSG00000281548	0	0	0	0	0	0
ENSG00000230485	0	0	0	0	0	0
ENSG00000225007	0	0	0	0	0	0
ENSG00000184702	0	0	0	0	0	0
ENSG00000203618	0	0	0	0	0	0
ENSG00000184058	122	120	118	104	104	100
ENSG00000185838	173	190	182	103	101	97
ENSG00000235776	0	0	0	0	0	0
ENSG00000215012	134	135	134	229	221	224
ENSG00000184470	297	287	307	195	184	211
ENSG00000232926	0	0	0	0	0	0
ENSG00000093010	1408	1365	1368	174	184	174
ENSG00000099889	320	336	332	193	200	191
ENSG00000183597	188	182	185	662	661	652
ENSG00000208023	0	0	0	0	0	0
ENSG00000236540	0	0	0	0	0	0
ENSG00000268292	0	0	0	0	0	0
ENSG00000277950	0	0	0	0	0	0
ENSG00000128191	351	350	366	259	237	248
ENSG00000243762	0	0	0	0	0	0
ENSG00000099899	74	65	71	670	659	648
ENSG00000278278	0	0	0	0	0	0
ENSG00000099901	19	30	18	29	29	27
ENSG00000264346	0	0	0	0	0	0
ENSG00000099904	0	0	0	0	0	0
ENSG00000234409	1838	1827	1844	235	230	217
ENSG00000249923	0	0	0	0	0	0
ENSG00000236499	0	0	0	0	0	0
ENSG00000040608	58	59	56	391	395	399
ENSG00000221039	0	0	0	0	0	0
ENSG00000161132	0	1	1	0	3	0
ENSG00000128185	255	221	222	136	139	142
ENSG00000273343	0	0	0	0	0	0
ENSG00000273139	0	0	0	0	0	0
ENSG00000188280	0	0	0	0	0	0
ENSG00000235578	0	0	0	0	0	0
ENSG00000161133	57	50	57	87	107	117
ENSG00000185252	1425	1428	1433	203	198	199
ENSG00000207343	0	0	0	0	0	0
ENSG00000244486	121	128	131	277	285	266
ENSG00000277971	0	0	0	0	0	0
ENSG00000099910	228	236	216	287	291	280
ENSG00000215493	0	0	0	0	0	0
ENSG00000255156	0	0	0	0	0	0
ENSG00000201916	0	0	0	0	0	0
ENSG00000242876	0	0	0	0	0	0
ENSG00000236670	0	0	0	0	0	0
ENSG00000099917	164	161	158	132	135	130
ENSG00000236003	0	0	0	0	0	0
ENSG00000250261	0	0	0	0	0	0
ENSG00000223553	0	0	0	0	0	0
ENSG00000276427	0	0	0	0	0	0
ENSG00000238125	0	0	0	0	0	0
ENSG00000229107	0	0	0	0	0	0
ENSG00000217261	0	0	0	0	0	0
ENSG00000235062	0	0	0	0	0	0
ENSG00000226287	2	1	1	3	7	4
ENSG00000241973	181	192	193	1670	1647	1651
ENSG00000099937	760	758	767	106	101	99
ENSG00000099940	158	162	166	56	61	68
ENSG00000272600	0	0	0	0	0	0
ENSG00000099942	352	355	339	174	189	172
ENSG00000237476	0	0	0	0	0	0
ENSG00000183773	63	65	66	142	140	138
ENSG00000099949	138	136	146	281	290	295
ENSG00000272829	0	0	0	0	0	0
ENSG00000184436	508	504	507	165	158	159
ENSG00000230513	0	0	0	0	0	0
ENSG00000161149	0	0	0	0	0	0
ENSG00000099957	0	0	0	0	0	0
ENSG00000099960	223	219	215	968	966	974
ENSG00000226872	0	0	0	0	0	0
ENSG00000207575	0	0	0	0	0	0
ENSG00000206145	0	0	0	0	0	0
ENSG00000187905	85	92	91	113	117	108
ENSG00000249680	0	0	0	0	0	0
ENSG00000169668	0	0	0	0	0	0
ENSG00000197210	0	0	0	0	0	0
ENSG00000239511	0	0	0	0	0	0
ENSG00000224688	0	0	0	0	0	0
ENSG00000215498	0	0	0	0	0	0
ENSG00000234503	0	0	0	0	0	0
ENSG00000133475	24	21	26	13	11	16
ENSG00000283145	0	0	0	0	0	0
ENSG00000226885	0	0	0	0	0	0
ENSG00000229266	0	0	0	0	0	0
ENSG00000169662	0	0	0	0	0	0
ENSG00000206142	0	0	0	0	0	0
ENSG00000237407	0	0	0	0	0	0
ENSG00000232771	0	0	0	0	0	0
ENSG00000279920	0	0	0	0	0	0
ENSG00000226534	0	0	0	0	0	0
ENSG00000273846	0	0	0	0	0	0
ENSG00000274600	5	5	4	1	5	3
ENSG00000200057	0	0	0	0	0	0
ENSG00000252020	0	0	0	0	0	0
ENSG00000275840	0	0	0	0	0	0
ENSG00000169635	104	102	97	179	178	179
ENSG00000276800	0	0	0	0	0	0
ENSG00000206140	25	22	20	55	50	37
ENSG00000183506	0	0	2	2	4	0
ENSG00000252143	0	0	0	0	0	0
ENSG00000222352	0	0	0	0	0	0
ENSG00000183246	5	2	7	4	8	9
ENSG00000185651	337	336	341	179	170	165
ENSG00000275293	0	0	0	0	0	0
ENSG00000161179	461	446	454	225	231	232
ENSG00000161180	221	231	222	116	121	117
ENSG00000273342	0	0	0	0	0	0
ENSG00000128228	163	152	163	248	240	245
ENSG00000207751	0	0	0	0	0	0
ENSG00000212102	0	0	0	0	0	0
ENSG00000272954	0	0	0	0	0	0
ENSG00000100023	81	82	81	44	60	56
ENSG00000100027	0	0	0	0	0	0
ENSG00000244671	0	0	0	0	0	0
ENSG00000100030	212	218	211	172	166	163
ENSG00000200985	0	0	0	0	0	0
ENSG00000225544	0	0	0	0	0	0
ENSG00000100034	118	123	116	95	102	99
ENSG00000224086	0	0	0	0	0	0
ENSG00000100038	17	16	11	0	3	2
ENSG00000197549	0	0	0	0	0	0
ENSG00000253239	0	0	0	0	0	0
ENSG00000211637	0	0	0	0	0	0
ENSG00000254355	0	0	0	0	0	0
ENSG00000278657	0	0	0	0	0	0
ENSG00000249333	0	0	0	0	0	0
ENSG00000253794	0	0	0	0	0	0
ENSG00000228161	0	0	0	0	0	0
ENSG00000253874	0	0	0	0	0	0
ENSG00000254075	0	0	0	0	0	0
ENSG00000254161	0	0	0	0	0	0
ENSG00000253242	0	0	0	0	0	0
ENSG00000253752	0	0	0	0	0	0
ENSG00000253823	0	0	0	0	0	0
ENSG00000275361	0	0	0	0	0	0
ENSG00000211638	0	0	0	0	0	0
ENSG00000225741	0	0	0	0	0	0
ENSG00000263366	0	0	0	0	0	0
ENSG00000236118	0	0	0	0	0	0
ENSG00000233720	0	0	0	0	0	0
ENSG00000211639	0	0	0	0	0	0
ENSG00000227710	0	0	0	0	0	0
ENSG00000224465	0	0	0	0	0	0
ENSG00000254308	0	0	0	0	0	0
ENSG00000253637	0	0	0	0	0	0
ENSG00000236323	0	0	0	0	0	0
ENSG00000211640	0	0	0	0	0	0
ENSG00000253126	0	0	0	0	0	0
ENSG00000211641	0	0	0	0	0	0
ENSG00000211642	0	0	0	0	0	0
ENSG00000253935	0	0	0	0	0	0
ENSG00000228050	0	0	0	0	0	0
ENSG00000234726	0	0	0	0	0	0
ENSG00000169575	382	383	385	183	187	191
ENSG00000279278	0	0	0	0	0	0
ENSG00000274422	0	0	0	0	0	0
ENSG00000234630	0	0	0	0	0	0
ENSG00000236850	0	0	0	0	0	0
ENSG00000272779	0	0	0	0	0	0
ENSG00000211643	0	0	0	0	0	0
ENSG00000211644	0	0	0	0	0	0
ENSG00000211645	0	0	0	0	0	0
ENSG00000225724	0	0	0	0	0	0
ENSG00000223350	0	0	0	0	0	0
ENSG00000232515	0	0	0	0	0	0
ENSG00000211647	0	0	0	0	0	0
ENSG00000211648	0	0	0	0	0	0
ENSG00000237428	0	0	0	0	0	0
ENSG00000211649	0	0	0	0	0	0
ENSG00000232603	0	0	0	0	0	0
ENSG00000211650	0	0	0	0	0	0
ENSG00000211651	0	0	0	0	0	0
ENSG00000211652	0	0	0	0	0	0
ENSG00000254175	0	0	0	0	0	0
ENSG00000254073	0	0	0	0	0	0
ENSG00000253818	0	0	0	0	0	0
ENSG00000211653	0	0	0	0	0	0
ENSG00000224144	0	0	0	0	0	0
ENSG00000253889	0	0	0	0	0	0
ENSG00000211654	0	0	0	0	0	0
ENSG00000211655	0	0	0	0	0	0
ENSG00000230821	0	0	0	0	0	0
ENSG00000253631	0	0	0	0	0	0
ENSG00000226595	0	0	0	0	0	0
ENSG00000275004	163	166	169	533	534	539
ENSG00000169548	242	256	262	498	500	499
ENSG00000185686	188	198	202	569	576	578
ENSG00000220891	0	0	0	0	0	0
ENSG00000253120	0	0	0	0	0	0
ENSG00000211656	0	0	0	0	0	0
ENSG00000211657	0	0	0	0	0	0
ENSG00000253920	0	0	0	0	0	0
ENSG00000253329	0	0	0	0	0	0
ENSG00000215456	0	0	0	0	0	0
ENSG00000183169	0	0	0	0	0	0
ENSG00000100121	2033	2077	2044	103	96	98
ENSG00000253338	0	0	0	0	0	0
ENSG00000253451	0	0	0	0	0	0
ENSG00000211658	0	0	0	0	0	0
ENSG00000253913	0	0	0	0	0	0
ENSG00000253779	0	0	0	0	0	0
ENSG00000211659	0	0	0	0	0	0
ENSG00000232350	0	0	0	0	0	0
ENSG00000223999	0	0	0	0	0	0
ENSG00000253822	0	0	0	0	0	0
ENSG00000211660	0	0	0	0	0	0
ENSG00000253546	0	0	0	0	0	0
ENSG00000211661	0	0	0	0	0	0
ENSG00000211662	0	0	0	0	0	0
ENSG00000254240	0	0	0	0	0	0
ENSG00000211663	0	0	0	0	0	0
ENSG00000278667	0	0	0	0	0	0
ENSG00000211664	0	0	0	0	0	0
ENSG00000253152	0	0	0	0	0	0
ENSG00000211665	0	0	0	0	0	0
ENSG00000253786	0	0	0	0	0	0
ENSG00000211666	0	0	0	0	0	0
ENSG00000253590	0	0	0	0	0	0
ENSG00000211667	0	0	0	0	0	0
ENSG00000231392	0	0	0	0	0	0
ENSG00000275772	0	0	0	0	0	0
ENSG00000211668	0	0	0	0	0	0
ENSG00000274381	0	0	0	0	0	0
ENSG00000211669	0	0	0	0	0	0
ENSG00000226477	0	0	0	0	0	0
ENSG00000211670	0	0	0	0	0	0
ENSG00000278196	0	0	0	0	0	0
ENSG00000237127	0	0	0	0	0	0
ENSG00000254077	0	0	0	0	0	0
ENSG00000253448	0	0	0	0	0	0
ENSG00000253234	0	0	0	0	0	0
ENSG00000226420	0	0	0	0	0	0
ENSG00000211672	0	0	0	0	0	0
ENSG00000253963	0	0	0	0	0	0
ENSG00000211673	0	0	0	0	0	0
ENSG00000264824	0	0	0	0	0	0
ENSG00000254709	0	0	0	0	0	0
ENSG00000211674	0	0	0	0	0	0
ENSG00000211675	0	0	0	0	0	0
ENSG00000211676	0	0	0	0	0	0
ENSG00000211677	0	0	0	0	0	0
ENSG00000211678	0	0	0	0	0	0
ENSG00000211679	0	0	0	0	0	0
ENSG00000211680	0	0	0	0	0	0
ENSG00000254029	0	0	0	0	0	0
ENSG00000211681	0	0	0	0	0	0
ENSG00000254030	0	0	0	0	0	0
ENSG00000211682	0	0	0	0	0	0
ENSG00000222037	0	0	0	0	0	0
ENSG00000211684	0	0	0	0	0	0
ENSG00000211685	0	0	0	0	0	0
ENSG00000237472	0	0	0	0	0	0
ENSG00000223679	0	0	0	0	0	0
ENSG00000100218	193	200	190	308	313	328
ENSG00000128266	286	304	289	205	198	216
ENSG00000283438	0	0	0	0	0	0
ENSG00000275635	0	0	0	0	0	0
ENSG00000100228	588	599	585	279	281	276
ENSG00000186716	0	0	0	0	0	0
ENSG00000236794	0	0	0	0	0	0
ENSG00000240160	0	0	0	0	0	0
ENSG00000230701	0	0	0	0	0	0
ENSG00000214526	0	0	0	0	0	0
ENSG00000236611	0	0	0	0	0	0
ENSG00000215478	0	0	0	0	0	0
ENSG00000133519	1	4	6	0	0	0
ENSG00000248409	2	2	3	0	2	0
ENSG00000234928	0	0	0	0	0	0
ENSG00000227755	0	0	0	0	0	0
ENSG00000178248	0	0	0	0	0	0
ENSG00000225413	0	0	0	0	0	0
ENSG00000280623	0	0	0	0	0	0
ENSG00000224277	0	0	0	0	0	0
ENSG00000128322	33	44	33	65	64	74
ENSG00000272733	0	0	0	0	0	0
ENSG00000278655	0	0	0	0	0	0
ENSG00000189269	373	375	382	62	62	64
ENSG00000275609	0	0	0	0	0	0
ENSG00000211683	0	0	0	0	0	0
ENSG00000228315	0	0	0	0	0	0
ENSG00000234353	0	0	0	0	0	0
ENSG00000244723	0	0	0	0	0	0
ENSG00000273000	0	0	0	0	0	0
ENSG00000272578	0	0	0	0	0	0
ENSG00000159496	173	179	175	70	70	78
ENSG00000187792	1015	1020	1008	83	82	83
ENSG00000128218	759	761	752	292	290	298
ENSG00000169314	151	150	154	57	58	55
ENSG00000250479	215	220	227	367	363	373
ENSG00000099953	181	168	187	336	350	350
ENSG00000280178	0	0	0	0	0	0
ENSG00000099956	308	303	287	523	500	520
ENSG00000099958	262	276	288	348	337	340
ENSG00000272973	0	0	0	0	0	0
ENSG00000133460	220	207	213	644	640	648
ENSG00000251357	0	0	0	0	0	0
ENSG00000279467	0	0	0	0	0	0
ENSG00000244425	0	0	0	0	0	0
ENSG00000240972	117	119	116	1912	1929	1922
ENSG00000218537	0	0	0	0	0	0
ENSG00000273295	0	0	0	0	0	0
ENSG00000225282	0	0	0	0	0	0
ENSG00000206090	0	0	0	0	0	0
ENSG00000231271	0	0	0	0	0	0
ENSG00000133433	8	3	12	13	12	15
ENSG00000228039	0	0	0	0	0	0
ENSG00000099974	126	108	114	101	102	117
ENSG00000272787	0	0	0	0	0	0
ENSG00000099977	0	0	0	0	0	0
ENSG00000250470	0	0	0	0	0	0
ENSG00000099984	0	0	0	0	0	0
ENSG00000224205	0	0	0	0	0	0
ENSG00000276950	0	0	0	0	0	0
ENSG00000235689	0	0	0	0	0	0
ENSG00000099991	201	214	213	223	223	213
ENSG00000232545	0	0	0	0	0	0
ENSG00000099994	2436	2437	2446	272	263	270
ENSG00000099998	227	219	240	4007	3995	4003
ENSG00000230712	0	0	0	0	0	0
ENSG00000128262	0	0	0	0	0	0
ENSG00000225098	0	0	0	0	0	0
ENSG00000215464	0	0	0	0	0	0
ENSG00000100014	96	97	95	177	189	175
ENSG00000258555	3	1	1	1	2	3
ENSG00000128271	47	48	50	73	84	84
ENSG00000178803	0	0	0	0	0	0
ENSG00000100024	55	57	58	653	659	659
ENSG00000228923	0	0	0	0	0	0
ENSG00000138867	2132	2125	2134	184	170	183
ENSG00000100028	865	868	861	84	86	83
ENSG00000100031	246	221	257	114	123	136
ENSG00000178026	67	65	65	170	170	173
ENSG00000230947	0	0	0	0	0	0
ENSG00000215481	0	0	0	0	0	0
ENSG00000224124	0	0	0	0	0	0
ENSG00000224806	0	0	0	0	0	0
ENSG00000224334	0	0	0	0	0	0
ENSG00000282012	0	0	0	0	0	0
ENSG00000237601	0	0	0	0	0	0
ENSG00000182351	0	0	0	0	0	0
ENSG00000184571	206	187	204	249	220	230
ENSG00000167037	133	132	138	149	150	150
ENSG00000199783	0	0	0	0	0	0
ENSG00000206069	4037	4050	4025	269	293	289
ENSG00000197077	541	536	550	260	270	267
ENSG00000279085	0	0	0	0	0	0
ENSG00000279548	0	0	0	0	0	0
ENSG00000279006	0	0	0	0	0	0
ENSG00000279110	0	0	0	0	0	0
ENSG00000203280	0	0	0	0	0	0
ENSG00000271181	0	0	0	0	0	0
ENSG00000100053	353	355	347	122	124	133
ENSG00000236641	0	0	0	0	0	0
ENSG00000244752	69	64	64	74	83	82
ENSG00000279298	0	0	0	0	0	0
ENSG00000233577	0	0	0	0	0	0
ENSG00000206066	0	0	0	0	0	0
ENSG00000230637	0	0	0	0	0	0
ENSG00000231466	0	0	0	0	0	0
ENSG00000100068	263	273	265	284	285	285
ENSG00000272942	0	0	0	0	0	0
ENSG00000272798	0	0	0	0	0	0
ENSG00000271138	0	0	0	0	0	0
ENSG00000100058	0	0	0	0	0	0
ENSG00000277872	0	0	0	0	0	0
ENSG00000272977	0	0	0	0	0	0
ENSG00000234884	0	0	0	0	0	0
ENSG00000100077	179	174	184	224	234	240
ENSG00000237387	0	0	0	0	0	0
ENSG00000224003	0	0	0	0	0	0
ENSG00000222585	0	0	0	0	0	0
ENSG00000133454	137	140	140	2244	2251	2245
ENSG00000278960	0	0	0	0	0	0
ENSG00000231933	0	0	0	0	0	0
ENSG00000232464	0	0	0	0	0	0
ENSG00000223056	0	0	0	0	0	0
ENSG00000232050	0	0	0	0	0	0
ENSG00000236464	0	0	0	0	0	0
ENSG00000229770	0	0	0	0	0	0
ENSG00000100095	0	0	0	0	0	0
ENSG00000224192	0	0	0	0	0	0
ENSG00000252267	0	0	0	0	0	0
ENSG00000230203	0	0	0	0	0	0
ENSG00000128203	220	242	246	421	401	436
ENSG00000100099	131	140	114	143	128	125
ENSG00000100104	80	76	79	70	59	56
ENSG00000100109	191	181	192	156	146	150
ENSG00000261188	0	0	0	0	0	0
ENSG00000128294	245	237	245	2079	2079	2065
ENSG00000221760	0	0	0	0	0	0
ENSG00000213707	0	0	0	0	0	0
ENSG00000100122	155	140	163	161	172	162
ENSG00000196431	393	380	377	266	263	248
ENSG00000226912	0	0	0	0	0	0
ENSG00000225783	0	0	0	0	0	0
ENSG00000278404	0	0	0	0	0	0
ENSG00000206028	0	0	0	0	0	0
ENSG00000277941	0	0	0	0	0	0
ENSG00000275942	0	0	0	0	0	0
ENSG00000244625	0	0	0	0	0	0
ENSG00000276991	0	0	0	0	0	0
ENSG00000223704	0	0	0	0	0	0
ENSG00000231369	0	0	0	0	0	0
ENSG00000235271	0	0	0	0	0	0
ENSG00000279440	0	0	0	0	0	0
ENSG00000200443	0	0	0	0	0	0
ENSG00000279914	0	0	0	0	0	0
ENSG00000279848	0	0	0	0	0	0
ENSG00000236858	0	0	0	0	0	0
ENSG00000280025	0	0	0	0	0	0
ENSG00000231405	0	0	0	0	0	0
ENSG00000238195	0	0	0	0	0	0
ENSG00000233521	0	0	0	0	0	0
ENSG00000233574	0	0	0	0	0	0
ENSG00000223726	0	0	0	0	0	0
ENSG00000226741	0	0	0	0	0	0
ENSG00000230051	0	0	0	0	0	0
ENSG00000280445	0	0	0	0	0	0
ENSG00000227880	0	0	0	0	0	0
ENSG00000224027	0	0	0	0	0	0
ENSG00000227838	0	0	0	0	0	0
ENSG00000231495	0	0	0	0	0	0
ENSG00000226169	0	0	0	0	0	0
ENSG00000169184	126	119	121	259	258	259
ENSG00000180957	711	704	713	191	197	202
ENSG00000235954	0	0	0	0	0	0
ENSG00000277460	0	0	0	0	0	0
ENSG00000264073	0	0	0	0	0	0
ENSG00000283225	0	0	0	0	0	0
ENSG00000276150	0	0	0	0	0	0
ENSG00000100154	139	146	147	390	388	390
ENSG00000274342	0	0	0	0	0	0
ENSG00000276675	0	0	0	0	0	0
ENSG00000239249	0	0	0	0	0	0
ENSG00000201209	0	0	0	0	0	0
ENSG00000199797	0	0	0	0	0	0
ENSG00000276162	0	0	0	0	0	0
ENSG00000266503	0	0	0	0	0	0
ENSG00000183765	75	81	76	113	110	115
ENSG00000100209	137	143	140	98	100	96
ENSG00000159873	646	639	641	252	251	242
ENSG00000100219	787	784	787	64	68	68
ENSG00000226471	0	0	0	0	0	0
ENSG00000272858	0	0	0	0	0	0
ENSG00000224256	0	0	0	0	0	0
ENSG00000183579	264	265	253	482	476	474
ENSG00000235786	0	0	0	0	0	0
ENSG00000177993	0	0	0	0	0	0
ENSG00000100249	80	79	85	78	78	79
ENSG00000183762	559	549	558	124	125	119
ENSG00000226772	0	0	0	0	0	0
ENSG00000200871	0	0	0	0	0	0
ENSG00000251952	0	0	0	0	0	0
ENSG00000186998	209	211	205	405	407	410
ENSG00000100263	232	236	231	245	247	255
ENSG00000237015	0	0	0	0	0	0
ENSG00000182944	197	184	185	36	35	38
ENSG00000185340	181	181	185	166	155	161
ENSG00000100276	0	0	0	0	0	0
ENSG00000273216	0	0	0	0	0	0
ENSG00000100280	0	0	0	0	0	0
ENSG00000280968	0	0	0	0	0	0
ENSG00000239127	0	0	0	0	0	0
ENSG00000242156	0	0	0	0	0	0
ENSG00000278292	0	0	0	0	0	0
ENSG00000225465	0	0	0	0	0	0
ENSG00000274457	0	0	0	0	0	0
ENSG00000128250	386	379	380	31	21	31
ENSG00000282816	0	0	0	0	0	0
ENSG00000100285	86	90	80	94	83	93
ENSG00000100296	452	455	447	241	238	266
ENSG00000234208	0	0	0	0	0	0
ENSG00000184117	117	113	106	268	287	278
ENSG00000186575	228	208	215	401	401	400
ENSG00000233010	0	0	0	0	0	0
ENSG00000232396	0	0	0	0	0	0
ENSG00000239446	0	0	0	0	0	0
ENSG00000100314	259	268	267	194	180	181
ENSG00000100319	62	55	58	102	98	109
ENSG00000200976	0	0	0	0	0	0
ENSG00000184076	95	91	88	639	643	634
ENSG00000100325	326	314	316	263	272	263
ENSG00000100330	7	15	8	15	25	22
ENSG00000207455	0	0	0	0	0	0
ENSG00000279159	0	0	0	0	0	0
ENSG00000275818	0	0	0	0	0	0
ENSG00000227117	0	0	0	0	0	0
ENSG00000227201	0	0	0	0	0	0
ENSG00000176635	0	0	0	0	0	0
ENSG00000226573	0	0	0	0	0	0
ENSG00000225971	0	0	0	0	0	0
ENSG00000225676	0	0	0	0	0	0
ENSG00000232530	0	0	0	0	0	0
ENSG00000128342	461	499	480	227	225	228
ENSG00000268812	0	0	0	0	0	0
ENSG00000099985	369	374	373	151	160	158
ENSG00000279699	0	0	0	0	0	0
ENSG00000239282	19	18	13	24	24	24
ENSG00000248751	0	0	0	0	0	0
ENSG00000099992	405	383	379	57	49	50
ENSG00000099995	0	0	0	0	0	0
ENSG00000187860	315	316	315	203	210	209
ENSG00000099999	166	146	152	153	147	154
ENSG00000100003	0	0	0	0	0	0
ENSG00000249590	0	0	0	0	0	0
ENSG00000273350	0	0	0	0	0	0
ENSG00000222915	0	0	0	0	0	0
ENSG00000272689	0	0	0	0	0	0
ENSG00000242114	205	211	210	41	39	56
ENSG00000273428	0	0	0	0	0	0
ENSG00000230137	0	0	0	0	0	0
ENSG00000100012	257	250	252	163	162	162
ENSG00000181123	0	0	0	0	0	0
ENSG00000214161	0	0	0	0	0	0
ENSG00000133488	179	201	191	247	241	245
ENSG00000214491	0	0	0	0	0	0
ENSG00000225774	0	0	0	0	0	0
ENSG00000128242	83	84	83	88	95	92
ENSG00000100029	0	0	0	0	0	0
ENSG00000223831	0	0	0	0	0	0
ENSG00000185339	275	283	278	219	217	207
ENSG00000100036	235	242	242	137	133	131
ENSG00000167065	46	61	44	81	71	76
ENSG00000250318	0	0	0	0	0	0
ENSG00000184792	248	255	266	386	387	367
ENSG00000264661	0	0	0	0	0	0
ENSG00000237977	0	0	0	0	0	0
ENSG00000235989	0	0	0	0	0	0
ENSG00000133422	99	112	118	138	152	136
ENSG00000253352	0	0	0	0	0	0
ENSG00000276664	0	0	0	0	0	0
ENSG00000276057	0	0	0	0	0	0
ENSG00000276965	0	0	0	0	0	0
ENSG00000275307	0	0	0	0	0	0
ENSG00000269987	0	0	0	0	0	0
ENSG00000269972	0	0	0	0	0	0
ENSG00000278920	0	0	0	0	0	0
ENSG00000240186	0	0	0	0	0	0
ENSG00000183963	578	591	562	71	54	58
ENSG00000273387	0	0	0	0	0	0
ENSG00000198832	517	513	506	143	140	136
ENSG00000235573	0	0	0	0	0	0
ENSG00000185133	97	95	99	124	126	124
ENSG00000100078	208	200	199	483	503	480
ENSG00000214125	0	0	0	0	0	0
ENSG00000264141	0	0	0	0	0	0
ENSG00000138942	2422	2425	2421	282	267	282
ENSG00000254835	0	0	0	0	0	0
ENSG00000182541	0	0	0	0	0	0
ENSG00000199695	0	0	0	0	0	0
ENSG00000202019	0	0	0	0	0	0
ENSG00000100100	235	240	233	429	439	436
ENSG00000228839	0	0	0	0	0	0
ENSG00000212542	0	0	0	0	0	0
ENSG00000100105	135	139	142	1070	1076	1072
ENSG00000213888	0	0	0	0	0	0
ENSG00000206615	0	0	0	0	0	0
ENSG00000185721	83	86	84	971	973	972
ENSG00000184708	296	296	286	612	619	616
ENSG00000240591	0	0	0	0	0	0
ENSG00000199248	0	0	0	0	0	0
ENSG00000198089	0	0	0	0	0	0
ENSG00000233733	0	0	0	0	0	0
ENSG00000229169	0	0	0	0	0	0
ENSG00000214093	0	0	0	0	0	0
ENSG00000241878	254	259	256	510	515	523
ENSG00000183530	63	59	65	1267	1262	1274
ENSG00000100150	171	173	165	166	169	168
ENSG00000242251	0	0	0	0	0	0
ENSG00000236132	0	0	0	0	0	0
ENSG00000252909	0	0	0	0	0	0
ENSG00000227813	0	0	0	0	0	0
ENSG00000128254	0	0	0	0	0	0
ENSG00000128245	1580	1572	1577	77	79	75
ENSG00000227519	0	0	0	0	0	0
ENSG00000230866	0	0	0	0	0	0
ENSG00000240647	0	0	0	0	0	0
ENSG00000232346	0	0	0	0	0	0
ENSG00000100170	0	0	0	0	0	0
ENSG00000234479	0	0	0	0	0	0
ENSG00000237439	0	0	0	0	0	0
ENSG00000232707	0	0	0	0	0	0
ENSG00000239674	0	0	0	0	0	0
ENSG00000205856	68	74	69	270	261	265
ENSG00000230120	0	0	0	0	0	0
ENSG00000275656	0	0	0	0	0	0
ENSG00000128253	47	39	48	32	30	33
ENSG00000279219	13	12	14	33	29	40
ENSG00000254127	0	0	0	0	0	0
ENSG00000242082	0	0	0	0	0	0
ENSG00000100191	695	686	690	172	163	168
ENSG00000214076	0	0	0	0	0	0
ENSG00000224050	0	0	0	0	0	0
ENSG00000273325	0	0	0	0	0	0
ENSG00000234626	0	0	0	0	0	0
ENSG00000128276	128	136	131	118	114	116
ENSG00000271093	0	0	0	0	0	0
ENSG00000205853	71	69	60	29	24	26
ENSG00000274617	0	0	0	0	0	0
ENSG00000274170	0	0	0	0	0	0
ENSG00000230736	0	0	0	0	0	0
ENSG00000243519	0	0	0	0	0	0
ENSG00000241954	0	0	0	0	0	0
ENSG00000232218	0	0	0	0	0	0
ENSG00000100220	352	342	333	190	192	187
ENSG00000184459	0	0	0	0	0	0
ENSG00000100225	93	90	95	75	77	76
ENSG00000185666	591	586	581	136	140	146
ENSG00000236054	0	0	0	0	0	0
ENSG00000251890	0	0	0	0	0	0
ENSG00000229673	0	0	0	0	0	0
ENSG00000100234	1522	1518	1516	252	257	262
ENSG00000228194	0	0	0	0	0	0
ENSG00000228622	0	0	0	0	0	0
ENSG00000231253	0	0	0	0	0	0
ENSG00000233632	0	0	0	0	0	0
ENSG00000133424	776	769	768	221	213	226
ENSG00000232073	0	0	0	0	0	0
ENSG00000230741	0	0	0	0	0	0
ENSG00000266012	0	0	0	0	0	0
ENSG00000281295	0	0	0	0	0	0
ENSG00000253007	0	0	0	0	0	0
ENSG00000232081	0	0	0	0	0	0
ENSG00000224973	0	0	0	0	0	0
ENSG00000273082	0	0	0	0	0	0
ENSG00000236052	0	0	0	0	0	0
ENSG00000224404	0	0	0	0	0	0
ENSG00000235485	0	0	0	1	0	0
ENSG00000280356	0	0	0	0	0	0
ENSG00000234891	0	0	0	0	0	0
ENSG00000237316	0	0	0	0	0	0
ENSG00000227895	0	0	0	0	0	0
ENSG00000175329	0	0	0	0	0	0
ENSG00000233080	0	0	0	0	0	0
ENSG00000273068	0	0	0	0	0	0
ENSG00000279184	0	0	0	0	0	0
ENSG00000238153	0	0	0	0	0	0
ENSG00000243453	0	0	0	0	0	0
ENSG00000238584	0	0	0	0	0	0
ENSG00000100281	54	52	55	352	353	349
ENSG00000273176	0	0	0	0	0	0
ENSG00000100284	406	404	413	134	138	128
ENSG00000266320	0	0	0	0	0	0
ENSG00000274280	0	0	0	0	0	0
ENSG00000282602	0	0	0	0	0	0
ENSG00000282041	0	0	0	0	0	0
ENSG00000100292	183	168	189	174	171	176
ENSG00000100297	323	300	325	383	374	377
ENSG00000233388	0	0	0	0	0	0
ENSG00000273044	0	0	0	0	0	0
ENSG00000100302	0	0	0	0	0	0
ENSG00000198125	179	170	174	1977	1985	1984
ENSG00000268818	0	0	0	0	0	0
ENSG00000221963	304	300	304	225	233	229
ENSG00000228587	0	0	0	0	0	0
ENSG00000226336	0	0	0	0	0	0
ENSG00000128313	181	182	195	270	260	262
ENSG00000100320	288	300	289	1762	1762	1779
ENSG00000237406	0	0	0	0	0	0
ENSG00000279652	0	0	0	0	0	0
ENSG00000279927	0	0	0	0	0	0
ENSG00000279217	0	0	0	0	0	0
ENSG00000279714	0	0	0	0	0	0
ENSG00000279805	0	0	0	0	0	0
ENSG00000128284	135	141	136	398	396	401
ENSG00000233764	0	0	0	0	0	0
ENSG00000231576	0	0	0	0	0	0
ENSG00000237948	0	0	0	0	0	0
ENSG00000225557	0	0	0	0	0	0
ENSG00000237129	0	0	0	0	0	0
ENSG00000229088	0	0	0	0	0	0
ENSG00000100336	272	289	272	991	1011	993
ENSG00000128335	0	0	0	0	0	0
ENSG00000100342	154	161	173	838	828	852
ENSG00000100345	0	0	0	0	0	0
ENSG00000278420	0	0	0	0	0	0
ENSG00000223695	0	0	0	0	0	0
ENSG00000237668	0	0	0	0	0	0
ENSG00000252225	0	0	0	0	0	0
ENSG00000228719	0	0	0	0	0	0
ENSG00000100348	107	110	115	1088	1079	1087
ENSG00000100350	316	306	308	281	274	288
ENSG00000100353	94	91	95	56	56	49
ENSG00000188078	0	0	0	0	0	0
ENSG00000229971	0	0	0	0	0	0
ENSG00000261675	0	0	0	0	0	0
ENSG00000166862	306	306	312	1001	977	991
ENSG00000234688	0	0	0	0	0	0
ENSG00000100360	141	138	135	438	442	440
ENSG00000100362	893	865	890	145	131	145
ENSG00000234979	0	0	0	0	0	0
ENSG00000183822	0	0	0	0	0	0
ENSG00000100365	98	99	101	361	360	359
ENSG00000100368	255	250	257	936	943	928
ENSG00000232254	0	0	0	0	0	0
ENSG00000215403	0	0	0	0	0	0
ENSG00000185264	210	207	209	130	128	120
ENSG00000128311	281	276	277	207	215	206
ENSG00000252412	0	0	0	0	0	0
ENSG00000128309	160	154	155	179	177	177
ENSG00000100379	294	306	300	6176	6180	6180
ENSG00000201078	0	0	0	0	0	0
ENSG00000187045	99	112	105	91	98	89
ENSG00000231467	0	0	0	0	0	0
ENSG00000100385	141	140	136	60	62	60
ENSG00000235237	0	0	0	0	0	0
ENSG00000133466	189	196	183	690	690	695
ENSG00000278195	1846	1855	1854	195	205	203
ENSG00000226233	0	0	0	0	0	0
ENSG00000128340	71	77	73	115	113	111
ENSG00000100055	95	94	100	86	81	78
ENSG00000243902	0	0	0	0	0	0
ENSG00000237862	0	0	0	0	0	0
ENSG00000166897	316	322	305	206	212	199
ENSG00000272694	0	0	0	0	0	0
ENSG00000100060	148	145	150	1894	1877	1871
ENSG00000100065	263	272	260	407	393	407
ENSG00000225867	0	0	0	0	0	0
ENSG00000128283	116	119	124	113	120	117
ENSG00000100079	230	238	237	434	409	438
ENSG00000273866	0	0	0	0	0	0
ENSG00000100083	243	244	240	1676	1681	1684
ENSG00000100092	234	219	210	132	133	126
ENSG00000233360	0	0	0	0	0	0
ENSG00000241360	713	699	707	75	86	77
ENSG00000241333	0	0	0	0	0	0
ENSG00000100097	408	406	402	97	96	95
ENSG00000273899	38	31	46	35	33	31
ENSG00000100101	0	0	0	0	0	0
ENSG00000100106	444	443	415	39	39	43
ENSG00000189060	1088	1092	1077	182	170	174
ENSG00000100116	82	89	87	142	150	143
ENSG00000128310	450	441	435	301	312	299
ENSG00000100124	416	394	404	173	177	171
ENSG00000207696	0	0	0	0	0	0
ENSG00000100129	28	29	30	94	99	90
ENSG00000279738	0	0	0	0	0	0
ENSG00000207227	0	0	0	0	0	0
ENSG00000100139	228	209	229	545	544	526
ENSG00000278948	0	0	0	0	0	0
ENSG00000128346	85	77	68	22	26	21
ENSG00000279010	0	0	0	0	0	0
ENSG00000272582	0	0	0	0	0	0
ENSG00000100142	0	0	0	0	0	0
ENSG00000100146	0	0	0	0	0	0
ENSG00000222044	0	0	0	0	0	0
ENSG00000273214	0	0	0	0	0	0
ENSG00000100151	0	0	0	0	0	0
ENSG00000233739	0	0	0	0	0	0
ENSG00000100156	253	260	254	4339	4316	4333
ENSG00000128298	242	266	266	304	287	289
ENSG00000272720	0	0	0	0	0	0
ENSG00000184381	123	124	111	55	56	53
ENSG00000279080	0	0	0	0	0	0
ENSG00000185022	226	225	226	195	199	185
ENSG00000198792	0	0	0	0	0	0
ENSG00000235246	0	0	0	0	0	0
ENSG00000241693	0	0	0	0	0	0
ENSG00000277385	0	0	0	0	0	0
ENSG00000213923	323	306	314	285	279	252
ENSG00000244627	0	0	0	0	0	0
ENSG00000229955	0	0	0	0	0	0
ENSG00000228620	0	0	0	0	0	0
ENSG00000168135	189	179	190	394	394	388
ENSG00000100196	66	69	64	1288	1280	1285
ENSG00000100201	287	280	288	1059	1049	1054
ENSG00000100206	167	169	167	85	91	79
ENSG00000224279	0	0	0	0	0	0
ENSG00000184949	3498	3476	3478	265	270	244
ENSG00000100211	87	76	83	345	314	319
ENSG00000230912	0	0	0	0	0	0
ENSG00000228274	0	0	0	0	0	0
ENSG00000100216	133	129	131	96	92	94
ENSG00000100221	3736	3732	3727	251	238	252
ENSG00000100226	2383	2396	2395	256	276	256
ENSG00000229598	0	0	0	0	0	0
ENSG00000100242	634	640	616	172	175	166
ENSG00000244491	0	0	0	0	0	0
ENSG00000230149	0	0	0	0	0	0
ENSG00000273096	0	0	0	0	0	0
ENSG00000225450	0	0	0	0	0	0
ENSG00000272669	0	0	0	0	0	0
ENSG00000273076	0	0	0	0	0	0
ENSG00000100246	548	544	542	203	205	208
ENSG00000221890	263	276	278	556	566	555
ENSG00000183741	138	143	141	213	206	203
ENSG00000235209	0	0	0	0	0	0
ENSG00000128383	55	56	52	57	60	60
ENSG00000179750	78	86	93	45	42	46
ENSG00000249310	0	0	0	0	0	0
ENSG00000244509	206	212	207	1889	1894	1898
ENSG00000243811	91	83	84	122	109	117
ENSG00000128394	131	118	107	112	122	116
ENSG00000239713	0	0	0	0	0	0
ENSG00000259421	0	0	0	0	0	0
ENSG00000225720	0	0	0	0	0	0
ENSG00000100298	674	673	676	220	221	210
ENSG00000100307	38	44	47	53	75	60
ENSG00000226024	0	0	0	0	0	0
ENSG00000279833	0	0	0	0	0	0
ENSG00000227009	0	0	0	0	0	0
ENSG00000100311	492	488	484	228	248	229
ENSG00000224794	0	0	0	0	0	0
ENSG00000100316	0	0	0	0	0	0
ENSG00000209480	0	0	0	0	0	0
ENSG00000209482	0	0	0	0	0	0
ENSG00000263764	0	0	0	0	0	0
ENSG00000100321	64	67	67	77	77	77
ENSG00000280216	0	0	0	0	0	0
ENSG00000100324	5761	5765	5773	259	266	273
ENSG00000128268	1380	1397	1395	309	304	296
ENSG00000227188	0	0	0	0	0	0
ENSG00000100335	235	244	243	1293	1308	1306
ENSG00000128272	718	711	708	193	201	197
ENSG00000187051	0	0	0	0	0	0
ENSG00000100346	0	0	0	0	0	0
ENSG00000176177	141	133	139	429	425	426
ENSG00000235647	0	0	0	0	0	0
ENSG00000238875	0	0	0	0	0	0
ENSG00000226085	0	0	0	0	0	0
ENSG00000100351	245	242	242	79	83	82
ENSG00000225528	0	0	0	0	0	0
ENSG00000133477	216	215	208	277	262	270
ENSG00000261202	0	0	0	0	0	0
ENSG00000100354	115	118	123	94	105	99
ENSG00000228599	0	0	0	0	0	0
ENSG00000239900	608	626	606	288	307	306
ENSG00000100359	208	208	206	2816	2819	2804
ENSG00000229999	0	0	0	0	0	0
ENSG00000196588	366	371	386	273	273	288
ENSG00000272834	0	0	0	0	0	0
ENSG00000227413	0	0	0	0	0	0
ENSG00000232564	0	0	0	0	0	0
ENSG00000172912	0	0	0	0	0	0
ENSG00000230071	0	0	0	0	0	0
ENSG00000231907	0	0	0	0	0	0
ENSG00000128285	104	105	110	112	110	118
ENSG00000100372	290	283	292	182	180	177
ENSG00000230769	0	0	0	0	0	0
ENSG00000233603	0	0	0	0	0	0
ENSG00000266594	0	0	0	0	0	0
ENSG00000100380	304	287	283	412	415	415
ENSG00000196236	285	293	297	304	302	289
ENSG00000172404	191	195	187	353	352	373
ENSG00000273979	0	0	0	0	0	0
ENSG00000200683	0	0	0	0	0	0
ENSG00000100387	256	258	261	240	250	234
ENSG00000222698	0	0	0	0	0	0
ENSG00000237214	0	0	0	0	0	0
ENSG00000199515	0	0	0	0	0	0
ENSG00000213857	0	0	0	0	0	0
ENSG00000100393	772	770	761	221	221	219
ENSG00000252859	0	0	0	0	0	0
ENSG00000232754	0	0	0	0	0	0
ENSG00000231993	0	0	0	0	0	0
ENSG00000215771	0	0	0	0	0	0
ENSG00000100395	82	79	80	55	58	56
ENSG00000235513	0	0	0	0	0	0
ENSG00000100399	157	158	152	220	220	214
ENSG00000100401	1173	1197	1176	185	185	197
ENSG00000274552	0	0	0	0	0	0
ENSG00000100403	92	92	93	122	124	121
ENSG00000167074	517	501	516	232	234	234
ENSG00000199865	0	0	0	0	0	0
ENSG00000273424	0	0	0	0	0	0
ENSG00000183864	315	319	313	126	132	125
ENSG00000100410	108	112	117	400	413	399
ENSG00000100412	69	57	55	120	118	115
ENSG00000100413	1798	1839	1778	103	100	103
ENSG00000172346	120	127	118	284	286	282
ENSG00000100417	186	187	190	103	104	109
ENSG00000100418	126	123	122	161	153	157
ENSG00000196419	282	297	276	1492	1511	1493
ENSG00000200332	0	0	0	0	0	0
ENSG00000100138	213	231	212	2024	2024	2022
ENSG00000207457	0	0	0	0	0	0
ENSG00000184208	221	228	233	756	752	740
ENSG00000167077	252	252	258	225	230	233
ENSG00000231261	0	0	0	0	0	0
ENSG00000252603	0	0	0	0	0	0
ENSG00000206813	0	0	0	0	0	0
ENSG00000100147	223	222	221	78	81	82
ENSG00000184068	0	0	0	0	0	0
ENSG00000198911	319	329	313	220	218	217
ENSG00000207932	0	0	0	0	0	0
ENSG00000234965	0	0	0	0	0	0
ENSG00000159958	1424	1408	1412	90	94	92
ENSG00000100162	2457	2494	2484	221	229	222
ENSG00000205704	0	0	0	0	0	0
ENSG00000100167	368	377	371	153	160	160
ENSG00000224883	0	0	0	0	0	0
ENSG00000183066	236	223	237	584	587	591
ENSG00000215347	0	0	0	0	0	0
ENSG00000198951	918	924	919	113	122	110
ENSG00000177096	0	0	0	0	0	0
ENSG00000238498	0	0	0	0	0	0
ENSG00000183172	3368	3355	3347	283	271	267
ENSG00000184983	2029	2031	2025	151	141	144
ENSG00000270083	0	0	0	0	0	0
ENSG00000237037	0	0	0	0	0	0
ENSG00000213790	0	0	0	0	0	0
ENSG00000100197	70	61	66	63	53	66
ENSG00000227370	0	0	0	0	0	0
ENSG00000232710	0	0	0	0	0	0
ENSG00000281538	0	0	0	0	0	0
ENSG00000205702	0	0	0	0	0	0
ENSG00000226450	0	0	0	0	0	0
ENSG00000100207	171	172	169	213	216	220
ENSG00000182057	0	0	0	0	0	0
ENSG00000233903	0	0	0	0	0	0
ENSG00000273366	0	0	0	0	0	0
ENSG00000229891	0	0	0	0	0	0
ENSG00000235568	394	393	377	294	285	281
ENSG00000230107	0	0	0	0	0	0
ENSG00000172250	0	0	0	0	0	0
ENSG00000189306	140	141	135	191	180	164
ENSG00000183569	54	34	35	577	594	623
ENSG00000182841	0	0	0	0	0	0
ENSG00000202058	0	0	0	0	0	0
ENSG00000251913	0	0	0	0	0	0
ENSG00000100227	557	552	537	276	295	281
ENSG00000276027	0	0	0	0	0	0
ENSG00000270022	0	0	0	0	0	0
ENSG00000100243	264	265	250	250	257	258
ENSG00000249222	0	0	0	0	0	0
ENSG00000128274	229	217	214	298	304	312
ENSG00000200448	0	0	0	0	0	0
ENSG00000234009	0	0	0	0	0	0
ENSG00000229608	0	0	0	0	0	0
ENSG00000274717	0	0	0	0	0	0
ENSG00000242247	208	201	213	3259	3302	3250
ENSG00000100266	163	144	151	122	135	144
ENSG00000226989	0	0	0	0	0	0
ENSG00000230319	0	0	0	0	0	0
ENSG00000100271	47	43	48	54	50	46
ENSG00000234735	0	0	0	0	0	0
ENSG00000100290	114	117	111	172	169	172
ENSG00000100294	296	305	301	233	242	247
ENSG00000100300	684	683	664	258	257	250
ENSG00000100304	143	135	134	123	122	121
ENSG00000159307	99	90	92	129	128	135
ENSG00000236272	0	0	0	0	0	0
ENSG00000234892	0	0	0	0	0	0
ENSG00000203527	0	0	0	0	0	0
ENSG00000236117	0	0	0	0	0	0
ENSG00000186732	1121	1130	1126	224	217	214
ENSG00000223843	0	0	0	0	0	0
ENSG00000186976	119	124	126	471	447	468
ENSG00000233157	0	0	0	0	0	0
ENSG00000180150	0	0	0	0	0	0
ENSG00000261251	0	0	0	0	0	0
ENSG00000130540	241	237	241	140	143	142
ENSG00000100341	0	0	0	0	0	0
ENSG00000100344	216	224	223	234	230	230
ENSG00000100347	183	184	172	1648	1676	1640
ENSG00000224856	0	0	0	0	0	0
ENSG00000188677	2237	2265	2257	204	223	211
ENSG00000279175	0	0	0	0	0	0
ENSG00000280434	0	0	0	0	0	0
ENSG00000138964	172	174	167	1378	1388	1401
ENSG00000279933	0	0	0	0	0	0
ENSG00000280011	0	0	0	0	0	0
ENSG00000138944	159	166	173	187	178	180
ENSG00000220702	0	0	0	0	0	0
ENSG00000236079	0	0	0	0	0	0
ENSG00000232655	0	0	0	0	0	0
ENSG00000228807	0	0	0	0	0	0
ENSG00000279642	0	0	0	0	0	0
ENSG00000188636	159	166	165	101	101	95
ENSG00000215333	0	0	0	0	0	0
ENSG00000187012	0	0	0	0	0	0
ENSG00000234300	0	0	0	0	0	0
ENSG00000231801	0	0	0	0	0	0
ENSG00000186654	168	168	173	241	223	260
ENSG00000248405	0	0	0	0	0	0
ENSG00000241484	7	5	12	4	3	3
ENSG00000056487	858	870	859	264	283	269
ENSG00000223730	0	0	0	0	0	0
ENSG00000230922	0	0	0	0	0	0
ENSG00000226328	0	0	0	0	0	0
ENSG00000273243	0	0	0	0	0	0
ENSG00000093000	280	292	289	752	755	773
ENSG00000273353	0	0	0	0	0	0
ENSG00000100364	158	151	156	145	144	151
ENSG00000221598	0	0	0	0	0	0
ENSG00000273287	0	0	0	0	0	0
ENSG00000213752	0	0	0	0	0	0
ENSG00000100373	61	59	62	62	61	61
ENSG00000100376	272	266	277	623	612	623
ENSG00000077935	161	171	173	86	76	75
ENSG00000128408	387	383	373	193	186	181
ENSG00000232363	0	0	0	0	0	0
ENSG00000077942	106	110	106	232	236	239
ENSG00000238120	0	0	0	0	0	0
ENSG00000251985	0	0	0	0	0	0
ENSG00000280383	0	0	0	0	0	0
ENSG00000130638	159	164	150	291	303	293
ENSG00000264160	0	0	0	0	0	0
ENSG00000235347	0	0	0	0	0	0
ENSG00000279954	0	0	0	0	0	0
ENSG00000235091	0	0	0	0	0	0
ENSG00000188064	100	105	106	115	115	121
ENSG00000280424	0	0	0	0	0	0
ENSG00000273145	0	0	0	0	0	0
ENSG00000231711	0	0	0	0	0	0
ENSG00000182257	136	144	136	59	59	60
ENSG00000273289	0	0	0	0	0	0
ENSG00000241990	0	0	0	0	0	0
ENSG00000197182	0	0	0	0	0	0
ENSG00000231010	0	0	0	0	0	0
ENSG00000235159	0	0	0	0	0	0
ENSG00000266533	0	0	0	0	0	0
ENSG00000186951	92	89	89	90	93	85
ENSG00000280384	0	0	0	0	0	0
ENSG00000205643	278	303	285	2380	2372	2374
ENSG00000130943	228	237	235	2309	2299	2298
ENSG00000075234	196	202	191	819	816	814
ENSG00000277232	0	0	0	0	0	0
ENSG00000075218	261	241	253	1931	1931	1933
ENSG00000100416	104	105	105	76	72	75
ENSG00000075275	0	0	0	0	0	0
ENSG00000230634	0	0	0	0	0	0
ENSG00000234869	0	0	0	0	0	0
ENSG00000075240	852	860	857	139	140	150
ENSG00000100422	95	101	95	76	70	75
ENSG00000260708	0	0	0	0	0	0
ENSG00000054611	443	447	445	285	259	276
ENSG00000280080	235	229	242	186	183	190
ENSG00000278881	306	311	307	316	312	316
ENSG00000280312	0	0	0	0	0	0
ENSG00000224715	0	0	0	0	0	0
ENSG00000218357	0	0	0	0	0	0
ENSG00000205634	0	0	0	0	0	0
ENSG00000224271	0	0	0	0	0	0
ENSG00000232897	0	0	0	0	0	0
ENSG00000230345	0	0	0	0	0	0
ENSG00000279712	0	0	0	0	0	0
ENSG00000235154	0	0	0	0	0	0
ENSG00000278890	0	0	0	0	0	0
ENSG00000238192	0	0	0	0	0	0
ENSG00000229275	0	0	0	0	0	0
ENSG00000266508	0	0	0	0	0	0
ENSG00000233179	0	0	0	0	0	0
ENSG00000219438	207	192	205	259	259	258
ENSG00000281732	0	0	0	0	0	0
ENSG00000266887	0	0	0	0	0	0
ENSG00000205632	0	0	0	0	0	0
ENSG00000226142	0	0	0	0	0	0
ENSG00000280199	0	0	0	0	0	0
ENSG00000188511	0	0	0	0	0	0
ENSG00000280224	0	0	0	0	0	0
ENSG00000279597	0	0	0	0	0	0
ENSG00000264139	0	0	0	0	0	0
ENSG00000212939	0	0	0	0	0	0
ENSG00000213279	0	0	0	0	0	0
ENSG00000235111	0	0	0	0	0	0
ENSG00000226954	0	0	0	0	0	0
ENSG00000223142	0	0	0	0	0	0
ENSG00000214727	0	0	0	0	0	0
ENSG00000100425	0	0	0	0	0	0
ENSG00000279345	0	0	0	0	0	0
ENSG00000236867	0	0	0	0	0	0
ENSG00000260613	0	0	0	0	0	0
ENSG00000229409	0	0	0	0	0	0
ENSG00000277771	0	0	0	0	0	0
ENSG00000279494	0	0	0	0	0	0
ENSG00000100426	287	278	284	1016	1031	1025
ENSG00000182858	178	165	153	2367	2400	2375
ENSG00000273192	0	0	0	0	0	0
ENSG00000184164	382	379	376	226	229	197
ENSG00000278869	0	0	0	0	0	0
ENSG00000198355	304	299	308	161	166	161
ENSG00000276753	0	0	0	0	0	0
ENSG00000188263	292	287	294	363	372	368
ENSG00000138892	49	50	50	75	74	71
ENSG00000100427	176	174	176	96	93	93
ENSG00000073146	471	480	475	83	73	81
ENSG00000280395	0	0	0	0	0	0
ENSG00000073150	199	210	213	1340	1326	1326
ENSG00000170638	506	510	505	218	251	244
ENSG00000273188	0	0	0	0	0	0
ENSG00000273253	0	0	0	0	0	0
ENSG00000073169	495	504	511	256	242	243
ENSG00000272836	0	0	0	0	0	0
ENSG00000273137	0	0	0	0	0	0
ENSG00000128159	105	107	105	110	108	111
ENSG00000100429	21	26	29	10	14	11
ENSG00000188130	424	432	402	75	68	78
ENSG00000185386	604	592	604	250	254	235
ENSG00000196576	224	234	227	150	168	159
ENSG00000205593	0	0	0	0	0	0
ENSG00000227484	0	0	0	0	0	0
ENSG00000279182	0	0	0	0	0	0
ENSG00000100239	286	298	298	1309	1281	1296
ENSG00000100241	76	78	71	76	77	70
ENSG00000128165	101	99	102	111	111	107
ENSG00000100253	236	244	246	315	299	310
ENSG00000100258	4646	4621	4603	233	231	234
ENSG00000025770	0	0	0	0	0	0
ENSG00000130489	90	86	89	253	245	265
ENSG00000272821	0	0	0	0	0	0
ENSG00000025708	0	0	0	0	0	0
ENSG00000177989	91	94	96	78	82	82
ENSG00000272666	0	0	0	0	0	0
ENSG00000273272	0	0	0	0	0	0
ENSG00000226738	0	0	0	0	0	0
ENSG00000130487	0	0	0	0	0	0
ENSG00000217442	950	945	958	135	145	139
ENSG00000205560	2	4	1	7	4	2
ENSG00000254413	0	0	0	0	0	0
ENSG00000100288	9	11	12	14	19	21
ENSG00000205559	0	0	0	0	0	0
ENSG00000272940	0	0	0	0	0	0
ENSG00000008735	103	111	105	1798	1796	1794
ENSG00000100299	271	255	269	271	274	270
ENSG00000212569	0	0	0	0	0	0
ENSG00000251322	382	380	392	292	294	295
ENSG00000206841	0	0	0	0	0	0
ENSG00000225929	0	0	0	0	0	0
ENSG00000100312	585	584	591	291	277	282
ENSG00000254499	0	0	0	0	0	0
ENSG00000213683	0	0	0	0	0	0
ENSG00000184319	0	0	0	0	0	0
ENSG00000079974	220	224	221	423	412	425
ERCC-00002	0	0	0	0	0	0
ERCC-00003	0	0	0	0	0	0
ERCC-00004	0	0	0	0	0	0
ERCC-00009	0	0	0	0	0	0
ERCC-00012	0	0	0	0	0	0
ERCC-00013	0	0	0	0	0	0
ERCC-00014	0	0	0	0	0	0
ERCC-00016	0	0	0	0	0	0
ERCC-00017	0	0	0	0	0	0
ERCC-00019	0	0	0	0	0	0
ERCC-00022	0	0	0	0	0	0
ERCC-00024	0	0	0	0	0	0
ERCC-00025	0	0	0	0	0	0
ERCC-00028	0	0	0	0	0	0
ERCC-00031	0	0	0	0	0	0
ERCC-00033	0	0	0	0	0	0
ERCC-00034	0	0	0	0	0	0
ERCC-00035	0	0	0	0	0	0
ERCC-00039	0	0	0	0	0	0
ERCC-00040	0	0	0	0	0	0
ERCC-00041	0	0	0	0	0	0
ERCC-00042	0	0	0	0	0	0
ERCC-00043	0	0	0	0	0	0
ERCC-00044	0	0	0	0	0	0
ERCC-00046	0	0	0	0	0	0
ERCC-00048	0	0	0	0	0	0
ERCC-00051	0	0	0	0	0	0
ERCC-00053	0	0	0	0	0	0
ERCC-00054	0	0	0	0	0	0
ERCC-00057	0	0	0	0	0	0
ERCC-00058	0	0	0	0	0	0
ERCC-00059	0	0	0	0	0	0
ERCC-00060	0	0	0	0	0	0
ERCC-00061	0	0	0	0	0	0
ERCC-00062	0	0	0	0	0	0
ERCC-00067	0	0	0	0	0	0
ERCC-00069	0	0	0	0	0	0
ERCC-00071	0	0	0	0	0	0
ERCC-00073	0	0	0	0	0	0
ERCC-00074	0	0	0	0	0	0
ERCC-00075	0	0	0	0	0	0
ERCC-00076	0	0	0	0	0	0
ERCC-00077	0	0	0	0	0	0
ERCC-00078	0	0	0	0	0	0
ERCC-00079	0	0	0	0	0	0
ERCC-00081	0	0	0	0	0	0
ERCC-00083	0	0	0	0	0	0
ERCC-00084	0	0	0	0	0	0
ERCC-00085	0	0	0	0	0	0
ERCC-00086	0	0	0	0	0	0
ERCC-00092	0	0	0	0	0	0
ERCC-00095	0	0	0	0	0	0
ERCC-00096	0	0	0	0	0	0
ERCC-00097	0	0	0	0	0	0
ERCC-00098	0	0	0	0	0	0
ERCC-00099	0	0	0	0	0	0
ERCC-00104	0	0	0	0	0	0
ERCC-00108	0	0	0	0	0	0
ERCC-00109	0	0	0	0	0	0
ERCC-00111	0	0	0	0	0	0
ERCC-00112	0	0	0	0	0	0
ERCC-00113	0	0	0	0	0	0
ERCC-00116	0	0	0	0	0	0
ERCC-00117	0	0	0	0	0	0
ERCC-00120	0	0	0	0	0	0
ERCC-00123	0	0	0	0	0	0
ERCC-00126	0	0	0	0	0	0
ERCC-00130	0	0	0	0	0	0
ERCC-00131	0	0	0	0	0	0
ERCC-00134	0	0	0	0	0	0
ERCC-00136	0	0	0	0	0	0
ERCC-00137	0	0	0	0	0	0
ERCC-00138	0	0	0	0	0	0
ERCC-00142	0	0	0	0	0	0
ERCC-00143	0	0	0	0	0	0
ERCC-00144	0	0	0	0	0	0
ERCC-00145	0	0	0	0	0	0
ERCC-00147	0	0	0	0	0	0
ERCC-00148	0	0	0	0	0	0
ERCC-00150	0	0	0	0	0	0
ERCC-00154	0	0	0	0	0	0
ERCC-00156	0	0	0	0	0	0
ERCC-00157	0	0	0	0	0	0
ERCC-00158	0	0	0	0	0	0
ERCC-00160	0	0	0	0	0	0
ERCC-00162	0	0	0	0	0	0
ERCC-00163	0	0	0	0	0	0
ERCC-00164	0	0	0	0	0	0
ERCC-00165	0	0	0	0	0	0
ERCC-00168	0	0	0	0	0	0
ERCC-00170	0	0	0	0	0	0
ERCC-00171	0	0	0	0	0	0
